<?xml version="1.0"?>
<opencv_storage>
<calibration_Time>"Mon Dec 10 11:37:46 2018"</calibration_Time>
<nrOfFrames>3</nrOfFrames>
<image_Width>1280</image_Width>
<image_Height>960</image_Height>
<board_Width>9</board_Width>
<board_Height>6</board_Height>
<square_Size>50.</square_Size>
<FixAspectRatio>1.</FixAspectRatio>
<!-- flags:  +fix_aspectRatio +fix_principal_point +zero_tangent_dist -->
<flagValue>14</flagValue>
<Camera_Matrix type_id="opencv-matrix">
  <rows>3</rows>
  <cols>3</cols>
  <dt>d</dt>
  <data>
    1.4406517397082580e+03 0. 6.3950000000000000e+02 0.
    1.4406517397082580e+03 4.7950000000000000e+02 0. 0. 1.</data></Camera_Matrix>
<Distortion_Coefficients type_id="opencv-matrix">
  <rows>5</rows>
  <cols>1</cols>
  <dt>d</dt>
  <data>
    -3.1364522456399768e-01 -5.8066915265718033e-01 0. 0.
    2.1056855675126314e+00</data></Distortion_Coefficients>
<Avg_Reprojection_Error>9.9245961793278858e-01</Avg_Reprojection_Error>
<Per_View_Reprojection_Errors type_id="opencv-matrix">
  <rows>3</rows>
  <cols>1</cols>
  <dt>f</dt>
  <data>
    4.76883948e-01 1.30385244e+00 1.01364625e+00</data></Per_View_Reprojection_Errors>
<!-- a set of 6-tuples (rotation vector + translation vector) for each view -->
<Extrinsic_Parameters type_id="opencv-matrix">
  <rows>3</rows>
  <cols>6</cols>
  <dt>d</dt>
  <data>
    -1.6911773900559762e-01 3.4677446522960224e-02
    4.0170900900925711e-02 -2.3229088890233010e+02
    -6.6908860988786387e+01 1.0879216377162566e+03
    6.1620319909645815e-01 6.5727522134227806e-02 1.2467549049753228e-01
    -8.4962682245574200e+01 -2.1128230935291887e+02
    8.9553137741034675e+02 -6.4667253209878395e-01
    -3.7616550963100244e-02 -2.0295453079767693e-04
    -2.2424455534665063e+02 1.0257497050428706e+01
    1.3005017166063758e+03</data></Extrinsic_Parameters>
<Image_points type_id="opencv-matrix">
  <rows>3</rows>
  <cols>54</cols>
  <dt>"2f"</dt>
  <data>
    3.37228607e+02 3.92236389e+02 4.00561890e+02 3.94543274e+02
    4.64080078e+02 3.95605286e+02 5.29760071e+02 3.97366333e+02
    5.95770081e+02 3.99290802e+02 6.62635193e+02 4.02379822e+02
    7.29422424e+02 4.05111328e+02 7.95576843e+02 4.07793762e+02
    8.61252380e+02 4.10589813e+02 3.32103424e+02 4.56489502e+02
    3.95698151e+02 4.58861877e+02 4.60011749e+02 4.60931183e+02
    5.25815002e+02 4.62571533e+02 5.92675842e+02 4.64852600e+02
    6.60004700e+02 4.67697021e+02 7.27558777e+02 4.70562225e+02
    7.94400635e+02 4.73388336e+02 8.60450378e+02 4.75917969e+02
    3.27199799e+02 5.21238037e+02 3.91112488e+02 5.24339478e+02
    4.55952545e+02 5.26757080e+02 5.22473389e+02 5.29308655e+02
    5.89373657e+02 5.31558167e+02 6.57325806e+02 5.34347473e+02
    7.25528992e+02 5.37014771e+02 7.92716675e+02 5.39880554e+02
    8.59420166e+02 5.42291565e+02 3.22545013e+02 5.87240234e+02
    3.86638123e+02 5.90678467e+02 4.51930511e+02 5.94100769e+02
    5.18895447e+02 5.97023376e+02 5.86187622e+02 5.99737732e+02
    6.54510803e+02 6.02437805e+02 7.23164917e+02 6.05164490e+02
    7.90797424e+02 6.07739136e+02 8.57862793e+02 6.09886902e+02
    3.17981201e+02 6.53092712e+02 3.82574951e+02 6.57265747e+02
    4.48367432e+02 6.61173462e+02 5.15549988e+02 6.64657532e+02
    5.83108215e+02 6.67735535e+02 6.51557190e+02 6.70647766e+02
    7.20596008e+02 6.73404541e+02 7.88557495e+02 6.75668152e+02
    8.55920105e+02 6.77528687e+02 3.13792755e+02 7.19041321e+02
    3.78784851e+02 7.23841614e+02 4.44711029e+02 7.28404236e+02
    5.12034119e+02 7.32240051e+02 5.79798462e+02 7.35919739e+02
    6.48580383e+02 7.39135864e+02 7.17662048e+02 7.41602600e+02
    7.85960876e+02 7.43664368e+02 8.53466003e+02 7.45154175e+02
    5.05086578e+02 1.48105057e+02 5.83523865e+02 1.55410980e+02
    6.61411804e+02 1.66522995e+02 7.40760193e+02 1.77699921e+02
    8.19213806e+02 1.89030853e+02 8.96290955e+02 1.98902618e+02
    9.72259583e+02 2.11341995e+02 1.04618738e+03 2.23807220e+02
    1.11700891e+03 2.36671448e+02 5.01226715e+02 2.17236176e+02
    5.77450684e+02 2.25074203e+02 6.53544556e+02 2.36677002e+02
    7.30668335e+02 2.48043488e+02 8.07480530e+02 2.59262970e+02
    8.82765198e+02 2.68732941e+02 9.57466675e+02 2.79993378e+02
    1.02953625e+03 2.91401337e+02 1.09925317e+03 3.02743164e+02
    4.97591705e+02 2.83506226e+02 5.71738037e+02 2.91998413e+02
    6.45840637e+02 3.03491333e+02 7.21152588e+02 3.14893463e+02
    7.95752136e+02 3.26235748e+02 8.69697693e+02 3.35610291e+02
    9.42623169e+02 3.46299103e+02 1.01313885e+03 3.56041382e+02
    1.08141675e+03 3.66313385e+02 4.94130829e+02 3.47612396e+02
    5.66350830e+02 3.56094574e+02 6.38620789e+02 3.67538788e+02
    7.11843445e+02 3.78374084e+02 7.84550720e+02 3.89921692e+02
    8.56576111e+02 3.99908813e+02 9.27774963e+02 4.09606873e+02
    9.96649658e+02 4.18290741e+02 1.06367273e+03 4.27686035e+02
    4.90909027e+02 4.08612518e+02 5.61444153e+02 4.16634003e+02
    6.31771362e+02 4.27402496e+02 7.03099304e+02 4.37552094e+02
    7.73624817e+02 4.48991669e+02 8.43730469e+02 4.59716553e+02
    9.13265076e+02 4.68652527e+02 9.80662476e+02 4.76793182e+02
    1.04635547e+03 4.85819702e+02 4.88012970e+02 4.66778351e+02
    5.56653748e+02 4.74706757e+02 6.25455078e+02 4.84299988e+02
    6.94616272e+02 4.93876373e+02 7.63140137e+02 5.04998505e+02
    8.31330139e+02 5.15906250e+02 8.98871826e+02 5.24126465e+02
    9.64823242e+02 5.32309265e+02 1.02889807e+03 5.40259155e+02
    3.93672821e+02 4.89857635e+02 4.48015503e+02 4.92341949e+02
    5.02470459e+02 4.91935547e+02 5.57714294e+02 4.91451385e+02
    6.12745422e+02 4.91851196e+02 6.67535217e+02 4.94851654e+02
    7.22552490e+02 4.95015747e+02 7.76717285e+02 4.95896637e+02
    8.30330688e+02 4.96418610e+02 3.88725891e+02 5.35892151e+02
    4.44237244e+02 5.37646423e+02 5.00051178e+02 5.37944885e+02
    5.56375061e+02 5.37009155e+02 6.12878235e+02 5.36505859e+02
    6.68963867e+02 5.38936951e+02 7.25247009e+02 5.39658081e+02
    7.80612732e+02 5.40761475e+02 8.35262817e+02 5.41517822e+02
    3.83799683e+02 5.83135864e+02 4.40410889e+02 5.84899536e+02
    4.97478668e+02 5.85344666e+02 5.55291504e+02 5.85155945e+02
    6.12806702e+02 5.83827881e+02 6.70628784e+02 5.84776184e+02
    7.28099915e+02 5.85829163e+02 7.84503235e+02 5.87814880e+02
    8.40334473e+02 5.88363770e+02 3.78771515e+02 6.32687622e+02
    4.36639740e+02 6.34390686e+02 4.94987610e+02 6.35037537e+02
    5.53932800e+02 6.35232666e+02 6.12920898e+02 6.34079407e+02
    6.72022644e+02 6.34279358e+02 7.30880249e+02 6.35341309e+02
    7.88424744e+02 6.37273376e+02 8.45554260e+02 6.37218262e+02
    3.73593964e+02 6.83060730e+02 4.32776306e+02 6.85440796e+02
    4.92459991e+02 6.86543884e+02 5.52777588e+02 6.87091553e+02
    6.13037964e+02 6.85918335e+02 6.73384644e+02 6.85787170e+02
    7.33469910e+02 6.86930969e+02 7.92331055e+02 6.88262634e+02
    8.50640686e+02 6.87558411e+02 3.68408752e+02 7.35284607e+02
    4.28929199e+02 7.38079834e+02 4.89899750e+02 7.39908997e+02
    5.51475830e+02 7.40558350e+02 6.13064636e+02 7.39463745e+02
    6.74628113e+02 7.39481018e+02 7.36007202e+02 7.40593201e+02
    7.96172180e+02 7.40996887e+02 8.55868408e+02 7.39926514e+02</data></Image_points>
</opencv_storage>
